30
30
20
20
8
15
9
23
3
24
20
26
5
24
21
14
10
16
26
23
23
28
9
23
15
23
7
2
18
9
4
13
2
5
12
27
22
9
28
1
23
21
24
15
8
2
7
27
3
28
19
0
15
10
13
25
21
28
5
17
12
8
11
19
23
8
16
23
18
24
10
2
24
11
14
0
23
17
17
18
26
21
13
6
4
24
25
6
8
7
10
7
26
14
23
9
24
2
10
10
12
27
4
26
16
10
24
24
15
21
3
14
2
25
1
28
1
6
26
21
20
15
2
8
2
9
10
23
20
13
14
12
6
28
19
21
8
15
10
7
9
28
15
23
29
15
5
4
5
19
22
23
2
0
24
7
25
5
23
26
16
19
26
29
26
23
24
3
15
27
4
14
15
0
20
6
1
19
29
14
8
27
17
16
15
7
22
9
18
11
26
25
13
20
7
28
0
12
13
23
4
20
10
22
8
1
17
27
11
4
1
29
23
27
0
10
2
12
18
20
29
21
29
27
7
17
23
26
19
5
22
18
19
10
4
12
25
26
5
20
21
4
6
2
11
16
27
17
28
16
0
19
15
4
2
29
8
11
19
22
6
8
1
24
18
18
15
5
24
4
23
2
11
12
29
21
14
15
20
18
18
3
20
25
18
24
2
3
29
16
4
15
15
8
5
4
1
20
2
27
20
3
14
18
15
11
27
1
15
24
29
20
22
6
10
12
18
18
25
20
14
17
10
0
17
2
3
14
4
13
25
18
16
11
3
22
24
25
10
18
22
8
19
23
11
29
14
20
29
22
1
19
26
5
18
17
16
25
12
20
26
19
4
18
14
1
9
11
15
1
28
21
7
28
24
28
12
28
25
27
3
16
22
14
21
16
16
25
17
1
15
6
5
6
2
24
18
3
24
21
13
2
24
21
7
21
5
25
16
8
23
29
20
3
17
9
0
14
29
26
13
27
14
20
8
0
27
28
1
16
3
18
23
29
25
2
29
28
28
23
29
25
6
9
4
23
25
7
28
22
6
21
11
26
7
18
7
6
22
18
29
7
28
6
16
1
9
18
4
0
24
10
23
19
22
3
2
16
28
20
18
13
26
14
23
28
0
10
28
19
10
9
11
16
18
22
19
16
1
21
22
5
7
4
1
4
16
2
25
14
11
17
5
14
25
15
25
21
2
8
16
13
12
0
29
29
20
16
29
26
14
23
28
28
23
6
2
17
13
19
11
11
19
24
23
12
12
18
13
17
28
17
27
9
17
23
8
22
17
0
5
23
4
16
26
15
12
10
25
24
20
10
6
12
11
28
1
26
14
12
28
28
22
23
23
14
1
5
0
29
14
14
23
14
21
13
26
18
26
25
13
19
27
27
1
28
17
16
17
16
18
20
1
0
27
20
4
22
4
15
29
18
5
0
22
8
20
28
7
21
20
24
25
23
9
4
9
20
21
28
9
6
7
6
11
7
1
19
10
17
6
19
4
25
4
21
15
28
12
29
1
21
14
13
15
25
18
22
15
10
7
19
13
11
14
21
15
11
18
2
13
20
22
1
24
18
27
6
20
16
25
25
3
29
19
27
7
17
14
5
15
16
18
16
1
25
17
18
28
22
18
25
11
22
22
26
19
23
29
18
24
15
9
20
9
5
1
24
10
26
17
11
9
24
14
5
29
25
23
8
26
5
29
2
29
15
19
3
15
27
23
4
14
10
25
11
23
27
12
21
20
20
19
12
26
10
4
28
6
28
2
5
20
20
18
28
1
6
29
4
23
2
4
15
12
23
10
24
19
26
21
22
26
28
19
15
9
27
8
11
21
26
1
7
28
20
24
4
26
7
24
21
23
17
15
21
1
1
21
29
7
3
0
13
26
14
11
7
19
26
23
22
12
27
4
23
18
15
16
24
28
23
19
6
5
8
10
20
17
5
26
6
17
22
14
1
19
7
26
4
14
20
6
7
24
4
13
26
9
16
25
5
22
21
0
6
0
4
11
3
21
25
6
0
22
21
10
14
23
16
25
17
23
6
27
25
17
5
23
4
20
16